9748303
6764293
2485920
2630538
7511264
382095
12698538
6899933
5569231
12071107
9616651
9630256
7304257
5576059
13606620
4704804
8587336
10996667
8622275
7533526
8302970
8561836
4328180
7454470
13006426
9704260
4965649
13722801
11370251
12305377
2705060
5012812
11624456
7277289
1001180
813229
8884357
7575239
13016277
183998
7412993
4324582
4599537
12360516
7355407
11025957
7748432
11690784
13122754
3730592
300961
4727743
7220167
11464918
10491055
7587276
11920246
4619028
3278347
13084480
2231052
4226808
4694531
12262096
10498455
1611578
13467060
949146
3695575
6708000
2816082
7954408
12143968
8288984
6737022
1303547
11634044
8565847
56904
11299201
10389103
4858598
1532949
13029119
9982130
3949863
11631236
1205079
14789489
1027817
14348517
8925093
8067656
11988949
4332319
6316564
2137813
10916661
14040386
4377875